Torque (in. lb.)	Angle (deg)	MicroStrain 1 & 2	MicroStrain 3
9.113E-2	0.000E+0	-1.555E+1	-4.952E+1
0.000E+0	0.000E+0	-1.486E+1	-5.091E+1
6.835E-2	0.000E+0	-1.486E+1	-5.230E+1
6.835E-2	0.000E+0	-1.416E+1	-5.091E+1
1.823E-1	0.000E+0	-1.486E+1	-5.091E+1
3.119E+1	3.938E-1	1.920E+1	-4.952E+1
4.247E+1	5.175E-1	3.449E+1	-5.091E+1
5.122E+1	5.962E-1	4.283E+1	-5.091E+1
5.905E+1	6.637E-1	5.256E+1	-4.952E+1
6.448E+1	7.087E-1	5.882E+1	-4.813E+1
6.566E+1	7.200E-1	6.021E+1	-4.813E+1
6.639E+1	7.537E-1	6.091E+1	-4.813E+1
6.808E+1	7.650E-1	6.230E+1	-5.091E+1
6.947E+1	7.875E-1	6.438E+1	-4.813E+1
7.122E+1	8.100E-1	6.577E+1	-4.813E+1
7.332E+1	8.325E-1	6.786E+1	-4.813E+1
7.516E+1	8.550E-1	6.994E+1	-4.813E+1
7.721E+1	8.775E-1	7.203E+1	-4.952E+1
7.860E+1	9.000E-1	7.411E+1	-4.813E+1
8.033E+1	9.113E-1	7.481E+1	-4.813E+1
8.157E+1	9.225E-1	7.689E+1	-4.813E+1
8.323E+1	9.450E-1	7.898E+1	-4.952E+1
8.507E+1	9.675E-1	8.176E+1	-4.952E+1
8.699E+1	9.900E-1	8.454E+1	-5.091E+1
8.856E+1	1.001E+0	8.593E+1	-5.091E+1
2.013E-36	1.024E+0	8.732E+1	-5.091E+1
9.218E+1	1.046E+0	8.940E+1	-4.952E+1
9.394E+1	1.069E+0	9.079E+1	-5.091E+1
2.022E-36	1.080E+0	9.357E+1	-4.952E+1
9.733E+1	1.102E+0	9.635E+1	-5.091E+1
9.872E+1	1.114E+0	9.705E+1	-5.230E+1
9.984E+1	1.125E+0	9.844E+1	-5.091E+1
1.015E+2	1.148E+0	9.983E+1	-5.230E+1
1.028E+2	1.159E+0	1.012E+2	-5.091E+1
1.046E+2	1.181E+0	1.040E+2	-5.091E+1
1.064E+2	1.192E+0	1.061E+2	-5.230E+1
1.073E+2	1.215E+0	1.075E+2	-5.091E+1
1.095E+2	1.226E+0	1.096E+2	-5.230E+1
1.110E+2	1.249E+0	1.116E+2	-5.091E+1
1.127E+2	1.260E+0	1.130E+2	-5.230E+1
1.144E+2	1.282E+0	1.151E+2	-5.230E+1
1.156E+2	1.294E+0	1.165E+2	-5.230E+1
1.170E+2	1.305E+0	1.179E+2	-5.230E+1
1.177E+2	1.316E+0	1.186E+2	-5.230E+1
1.250E+2	1.406E+0	1.262E+2	-5.230E+1
1.429E+2	1.575E+0	1.464E+2	-5.369E+1
1.614E+2	1.744E+0	1.679E+2	-5.230E+1
1.808E+2	1.913E+0	1.895E+2	-5.369E+1
2.005E+2	2.081E+0	2.110E+2	-5.508E+1
2.205E+2	2.250E+0	2.347E+2	-5.508E+1
2.409E+2	2.419E+0	2.569E+2	-5.647E+1
2.608E+2	2.588E+0	2.799E+2	-5.508E+1
2.798E+2	2.745E+0	3.007E+2	-5.647E+1
2.982E+2	2.914E+0	3.223E+2	-5.647E+1
2.186E-36	3.071E+0	3.459E+2	-5.647E+1
3.419E+2	3.240E+0	3.716E+2	-5.925E+1
3.648E+2	3.397E+0	3.980E+2	-5.925E+1
3.875E+2	3.555E+0	4.230E+2	-5.925E+1
4.091E+2	3.713E+0	4.481E+2	-6.064E+1
4.333E+2	3.870E+0	4.752E+2	-6.064E+1
4.535E+2	3.994E+0	4.988E+2	-6.064E+1
4.619E+2	4.050E+0	5.085E+2	-6.064E+1
4.694E+2	4.095E+0	5.176E+2	-6.203E+1
4.777E+2	4.140E+0	5.273E+2	-6.342E+1
4.807E+2	4.163E+0	5.315E+2	-6.203E+1
4.822E+2	4.174E+0	5.336E+2	-6.481E+1
4.842E+2	4.185E+0	5.357E+2	-6.620E+1
4.861E+2	4.196E+0	5.370E+2	-6.342E+1
4.886E+2	4.207E+0	5.398E+2	-6.342E+1
4.905E+2	4.219E+0	5.426E+2	-6.342E+1
4.921E+2	4.230E+0	5.433E+2	-6.342E+1
4.939E+2	4.241E+0	5.454E+2	-6.342E+1
4.956E+2	4.253E+0	5.482E+2	-6.342E+1
4.973E+2	1.605E-36	5.509E+2	-6.481E+1
4.988E+2	4.275E+0	5.523E+2	-6.481E+1
5.003E+2	4.275E+0	5.530E+2	-6.481E+1
5.000E+2	4.275E+0	5.530E+2	-6.342E+1
2.252E-36	4.275E+0	5.530E+2	-6.481E+1
4.994E+2	4.275E+0	5.516E+2	-6.481E+1
4.992E+2	4.275E+0	5.523E+2	-6.481E+1
