Torque (in. lb.)	Angle (deg)	MicroStrain 1 & 2	MicroStrain 3
0.000E+0	0.000E+0	-5.128E+0	2.694E+1
0.000E+0	0.000E+0	-5.128E+0	2.694E+1
0.000E+0	0.000E+0	-4.433E+0	2.694E+1
0.000E+0	0.000E+0	-4.433E+0	2.555E+1
0.000E+0	0.000E+0	-4.433E+0	2.555E+1
0.000E+0	0.000E+0	-4.433E+0	2.416E+1
0.000E+0	0.000E+0	-4.433E+0	2.555E+1
0.000E+0	0.000E+0	-5.128E+0	2.555E+1
0.000E+0	0.000E+0	-4.433E+0	2.555E+1
0.000E+0	0.000E+0	-4.433E+0	2.416E+1
0.000E+0	0.000E+0	-4.433E+0	2.416E+1
0.000E+0	0.000E+0	-5.128E+0	2.555E+1
0.000E+0	0.000E+0	-4.433E+0	2.555E+1
0.000E+0	0.000E+0	-4.433E+0	2.555E+1
0.000E+0	0.000E+0	-4.433E+0	2.555E+1
0.000E+0	0.000E+0	-5.128E+0	2.694E+1
0.000E+0	1.125E-2	-3.738E+0	2.555E+1
0.000E+0	1.243E-36	-3.738E+0	2.555E+1
1.291E-36	7.875E-2	-1.653E+0	2.694E+1
9.113E-2	1.013E-1	-9.579E-1	2.555E+1
9.113E-2	1.350E-1	1.127E+0	2.555E+1
1.823E-1	1.688E-1	1.127E+0	2.555E+1
1.823E-1	2.138E-1	2.518E+0	2.416E+1
1.823E-1	2.475E-1	3.908E+0	2.555E+1
1.823E-1	2.700E-1	5.298E+0	2.694E+1
2.734E-1	3.150E-1	6.688E+0	2.694E+1
2.734E-1	3.488E-1	8.078E+0	2.694E+1
2.734E-1	3.825E-1	8.773E+0	2.694E+1
2.734E-1	4.275E-1	1.086E+1	2.555E+1
3.645E-1	4.612E-1	1.225E+1	2.416E+1
3.645E-1	4.950E-1	1.364E+1	2.555E+1
3.645E-1	5.288E-1	1.503E+1	2.555E+1
3.645E-1	5.625E-1	1.711E+1	2.694E+1
4.557E-1	6.075E-1	1.850E+1	2.416E+1
4.557E-1	6.412E-1	1.989E+1	2.555E+1
4.557E-1	6.750E-1	2.129E+1	2.416E+1
5.468E-1	7.200E-1	2.268E+1	2.416E+1
5.468E-1	7.537E-1	2.337E+1	2.416E+1
5.468E-1	7.875E-1	2.546E+1	2.416E+1
6.379E-1	8.325E-1	2.615E+1	2.555E+1
6.379E-1	9.563E-1	3.102E+1	2.416E+1
8.202E-1	1.159E+0	3.936E+1	2.416E+1
9.113E-1	1.361E+0	4.561E+1	2.555E+1
1.094E+0	1.484E-36	5.326E+1	2.416E+1
1.185E+0	1.766E+0	6.160E+1	2.555E+1
1.276E+0	1.969E+0	6.855E+1	2.416E+1
1.458E+0	1.513E-36	7.620E+1	2.555E+1
1.549E+0	2.385E+0	8.384E+1	2.555E+1
1.732E+0	2.588E+0	9.149E+1	2.416E+1
1.823E+0	2.790E+0	9.914E+1	2.416E+1
2.005E+0	3.004E+0	1.068E+2	2.416E+1
2.096E+0	3.206E+0	1.137E+2	2.277E+1
2.278E+0	3.409E+0	1.214E+2	2.416E+1
2.369E+0	3.611E+0	1.290E+2	2.416E+1
2.552E+0	3.825E+0	1.367E+2	2.416E+1
2.666E+0	4.028E+0	1.436E+2	2.277E+1
2.757E+0	4.230E+0	1.520E+2	2.416E+1
2.939E+0	4.433E+0	1.589E+2	2.277E+1
3.030E+0	4.635E+0	1.666E+2	2.138E+1
3.121E+0	4.849E+0	1.742E+2	2.277E+1
3.326E+0	5.051E+0	1.812E+2	2.138E+1
3.418E+0	5.254E+0	1.888E+2	2.277E+1
3.600E+0	5.456E+0	1.958E+2	2.277E+1
3.691E+0	5.670E+0	2.041E+2	2.277E+1
3.873E+0	5.872E+0	2.117E+2	2.277E+1
3.964E+0	6.075E+0	2.194E+2	1.999E+1
4.056E+0	6.289E+0	2.277E+2	2.277E+1
4.238E+0	6.491E+0	2.347E+2	1.999E+1
4.329E+0	6.705E+0	2.430E+2	2.138E+1
4.466E+0	1.667E-36	2.500E+2	2.138E+1
1.614E-36	7.110E+0	2.576E+2	1.999E+1
4.739E+0	7.324E+0	2.660E+2	2.138E+1
4.830E+0	7.526E+0	2.729E+2	2.138E+1
5.012E+0	7.740E+0	2.806E+2	1.860E+1
5.195E+0	7.942E+0	2.882E+2	1.999E+1
5.286E+0	8.156E+0	2.958E+2	1.860E+1
5.468E+0	8.370E+0	3.042E+2	1.860E+1
5.559E+0	8.572E+0	3.118E+2	1.860E+1
5.673E+0	1.702E-36	3.195E+2	1.860E+1
5.833E+0	8.989E+0	3.278E+2	1.860E+1
5.924E+0	9.202E+0	3.348E+2	1.860E+1
6.106E+0	9.405E+0	3.424E+2	1.860E+1
6.197E+0	9.619E+0	3.508E+2	1.721E+1
6.379E+0	9.821E+0	3.584E+2	1.582E+1
6.470E+0	1.002E+1	3.661E+2	1.582E+1
6.653E+0	1.024E+1	3.744E+2	1.582E+1
6.744E+0	1.044E+1	3.813E+2	1.582E+1
6.926E+0	1.064E+1	3.890E+2	1.721E+1
7.017E+0	1.085E+1	3.966E+2	1.582E+1
7.200E+0	1.106E+1	4.036E+2	1.582E+1
7.291E+0	1.126E+1	4.112E+2	1.721E+1
7.382E+0	1.148E+1	4.203E+2	1.443E+1
7.564E+0	1.169E+1	4.279E+2	1.443E+1
7.746E+0	1.189E+1	4.356E+2	1.443E+1
7.838E+0	1.211E+1	4.432E+2	1.443E+1
8.020E+0	1.232E+1	4.509E+2	1.304E+1
8.111E+0	1.252E+1	4.592E+2	1.304E+1
8.202E+0	1.273E+1	4.661E+2	1.304E+1
8.384E+0	1.294E+1	4.738E+2	1.443E+1
8.475E+0	1.315E+1	4.814E+2	1.443E+1
8.658E+0	1.335E+1	4.898E+2	1.443E+1
8.749E+0	1.758E-36	4.967E+2	1.443E+1
1.704E-36	1.377E+1	5.044E+2	1.443E+1
9.022E+0	1.398E+1	5.120E+2	1.304E+1
9.205E+0	1.419E+1	5.204E+2	1.582E+1
9.387E+0	1.440E+1	5.273E+2	1.443E+1
9.478E+0	1.461E+1	5.357E+2	1.443E+1
9.569E+0	1.482E+1	5.440E+2	1.165E+1
9.774E+0	1.503E+1	5.516E+2	1.165E+1
9.865E+0	1.524E+1	5.586E+2	1.304E+1
9.956E+0	1.780E-36	5.655E+2	1.304E+1
1.716E-36	1.543E+1	5.662E+2	1.304E+1
1.005E+1	1.545E+1	5.662E+2	1.443E+1
1.005E+1	1.545E+1	5.662E+2	1.443E+1
1.005E+1	1.545E+1	5.662E+2	1.443E+1
1.005E+1	1.545E+1	5.669E+2	1.443E+1
1.005E+1	1.545E+1	5.669E+2	1.443E+1
1.005E+1	1.545E+1	5.669E+2	1.443E+1
